$ANSIBLE_VAULT;1.1;AES256
36363736633161383337326362663435393962396363613239386337643533633861363763366530
3636613434626636343539313838623535633134663564350a326431363666623634643763373237
36316563353035363462373664313732626162343338663536373531313436643065376433306437
3134333837306166630a666631643432333466343934336265616537346436393562313964396432
34623962383533643630396534363636373262393337343038303365633332626433393835613438
37666265663363373431653066336366313065323833323365653935636131666164633536653630
33363061336364343164623234616136333761616530306463336435373430643932616338346334
39336432343938393838303966303264323731656237616362353161303537646162313465663264
36396532363562633062663864396163383135653263366161363365396634313130663039366365
66313936383637613362353962303434383738353130626437393865383137626434656630383832
37623666656166343764626366613465396232386539653535643465643134343435336231313563
38326335343434323961653161316538623961626630343830356131653339303836363338646630
31333864356361353433336162623262623864626432396437386331643939396466383766356233
61653033306138656662653030623564366664363461303963333034356362353936666437346134
36646437396164663732343332356164373166306363363034343930613632656262663364303034
34346366616432656465343965646266313337383330653234393932343832386233653031623836
34343935303765326133366636663435366362303332303034306463313063343139663436336563
33316466653037656235313066376133616562303335626632353736343463323062363938643936
37633235623964656237373036376631383663343138323832346264663431623062613761343538
39633839643061656436336539653563666434623361376464383961303734633665366433306166
32343635363165303466343365336562376365646563633336616464636464316536
