$ANSIBLE_VAULT;1.1;AES256
39306430623632373763313733666661323763383830626263623564333230353564333066633335
3662663233383533323536616339316166633461323438650a366364653831633232383764623066
64646664353663636365663162626530653663653533306136633165623934656266626538356439
6334646261356137350a626135623165343966626461666664623335376537653439333261656664
34663934353833343161343933373236663364636265663863653234323137613137663832396336
35383939316633393531616363323236613464373034336231393134396163333339306665663934
36306430326231333836356136313633313432313236366163343937363734353730346265356333
66366361653236333466313961383230373530656661353733656436333930333864643331393739
30636465363035613262303665623066326139386232313164346434373062303138336166613134
63373663326337336130323831326332306232626365363064303237636464303664306165646164
33303939306163343335393239393435616236393764353434383135373039343461356562376163
38303433353463306531316364656539373638376462643931653531366538656537613266393463
65343163326333373366656536643965303831326263346630623465663065303333326662356266
66386437633933386538346431653431646530383163373763326261623230623435663637316262
61663634393432623134396266633965663264373633376539613863396638666334633662663839
35666439666164303263376237636534663266643835633331333964613564343234303437343439
39306331306234313864626531646137353164623366363730353436386137313865366463383663
36343837393832643735386266323034633762616537303962386338616539643837393130383762
61376461323662346162626530656561323664353832353832313836613935303163336462323438
62323261616161333639656161343132623361646665353339353731336566353435336362333433
35336162623735643166623261626533613534326133633734366430363939613130303266383338
33626565373934663961653564336666626366363763336631333730643834346634653265643865
61663362386131643135613466373065366664656531663433363238626264623364363561316461
65653933623763306234313730363435623862626539653866316637663730636163663064393266
63363633333936343666643936396363613362333663626339393064326463666337636465386565
34393639383637396263303937643661666531653832353831383631323965313166306235623233
65356433336330366333653434646334613831313262616461333734383936613437373561613639
34336234376235653265653064653065323966656265613137653631303035353136376361303635
66353532343264663739353466326333323966366436643731343562363761373661376530333764
39363964333833336361366339373562333663353435343536323065373731626663333532383330
33316636643632653462653437643332656538613865356531333235313265373561396435633530
30626630393135386663636138643536323037393739663865343462343134386265613339376665
30623434623734383533393062313432623434613436323063323664396366356636343766636435
36626563626238653063623234393833646265323037356636646464363264383762303563323933
64306664633763653135313433333662646461313938366531313061343336343137353734313463
36663462383862353031363062656663626163373139663436316430366361623065363766353935
61646164653830643933306130656561313039386363626665623938353436363031626238373031
34633139373039326264363732363931313861333135666636643065303038636665636632326663
31666565626664336261336534336637323339346231356333353465616231353363386661313936
33346136633565363432313731363162353736346364313632323036656164633465363331316661
33336337323339396463626139323466316137333238636465303932383966656366663835623765
38396635626239653332396265613832633137323863353564346637336632303762616535616332
31336565376436303436626532343231616438333333333932613963613664343638336239613634
31386561386536373734386464613336666236643035613561643330386461316233633134313738
64313433616463316236336635626331313237366239636266353935306238396463653066616338
32306561653335343361626135383932626266396239306164346665383666373139336462363739
30353734376430663839353438386434643532303837303061653666316166323536336535306330
65333664333339353465323861386261376163663132383561666665303333616633396362336539
33383562663633313935323331663937653864663334623132616636633138383136656433653638
66323230373938363961653763653838353162636133393163663635336635323834303436383362
31636236623137653737643361633132316462353031366266663535373335303134633530663839
36646237343261316364323338313338656161393230326331633562346362643364613165373864
36313862616664393464663533666531396535323634643137383132613766383262653961393039
34313036313235643364393563653037653539373232666430663435333137653138623336623133
31623332363538623636353830303431333663643666643833363432386166353630666335633435
63343836373139393930636261646232643932386530613239346534393933383630303039343738
64373563633362386163393930353763343835353537313763336635393466363333396637626139
31396239356338343337306332666334666433653530343361353465316639653037633966333633
33383130643633366332376339636662356338313261616236326666393030383737666133346633
65316665353834386264636437356231333335343238353031313936393233323739623766623861
39363730636661626664386261623337393663633033326132626263306338663931663561313862
39616536303664336438373639303565353565373665336438623362396632653035623065366431
38616534653732353366633939373132656261363936656362616163373733613165363736376432
35613466643361666333323564666464386335643930316265646132656532386663393637356637
64613537666665663865306633333632386465626133323832663533636137663662363838653465
39623562613137393763313363323339626465343061303639613532376334373436336639313332
38383532653563393036633962623362613632393033633639666335343237613632333261386262
61393962323033373939383566336661346139366331303835363134383331326638663436303531
62303562303334643630313462663536323331376536323035336262343333346231626336653434
31623566623364313438393836393936343935336536313534663961613437333161373462653465
38303937396232326365313537303265393736653938323237633838313632363633613461666563
30336261653339323064656432616136343534336566623361643365643335396663373938343863
37663237663563613034643937343163303430356630376630646663303462313063316564383565
35326639343435366138616666623638356635613933376166623132393630653039393032303432
33656339303262353965353766386666303831343162663863303936643162613831646531643036
32633835316538306363386634356463613735653032313261656566323237353137633937373939
39363333386339666163663266613632306465666638656235643962333937663632343032346135
33393164633061626137303430396463643738303433646537613537303632383238343236313830
65353563356537383038656366373864613266623261663163353830323732663732313331343163
34656661643964643336343938653762373331623862366533623864363462306437366364336633
39656662633932643666396134316530326535653438346262316639616663613838393433303261
64313334346634653133303534396234323634336434313534343836383334363232623436373662
36393461303365636264306234396135346166366136356165363761663537313861313762343562
32393766313262363865613231646431363232313437613437323435633766616330343035666263
61313539343731316366363735336637313666326632386265323430316264643164336233663539
33653935666336353635653361393161383562376665613065666461666462643032626136323036
64306338613037303964353237646238323938353435303331623163396135313662373136373962
62663163373261626232366536326539656131373762396435313436666630373634343466636464
62666534356133376665653163333661396464316439623133663264633861363963626430363364
35636361613236366630386339376364373734626464373534653761323835366630336530343534
33393335616165333739616134613964356130333535396538626166373264373466636137653838
61636534343662306639623563303431653637343561386630633931333432366237336233323536
65613934346363613066313861366631613964633933663932313434383534386237663533633031
37626133363136323739383565373037666438666131393437613865303664326662666435303837
31666263656161396430626363396261393165336230373663323365333932623835356532353632
66313366623733346134
