$ANSIBLE_VAULT;1.1;AES256
38633036313664376330656337363334653864343433633736623037303538373566633464393435
3734623466383932643132663966353232326234316333610a386438633335333634353234383633
39623861393934643836333265333165633862366534313737386563356335636331333862613865
6265616632306233320a633861636533633733333938323436336164356330313234333031646662
38323565393731386438353638656261653764326334663337633334333861303531616261303865
33303632393961323234313264333636373263656130633332376565316136663961353331373561
65303733323139626666623236326635333263633335643334613933396236386237393635633432
64303631616161653864396133306438393436653830343366323366653337633864323838346636
30643834623139616635333763373565326538616138373134613437653239306364643661366364
37323232616264393364303866333336383335343138393061353066613838616334396233663333
61396130646163343036346432343564353030393337353236376330303434663234353337663662
34616232333233313733393439396164383432336336646161353738643164393965363239626663
63393866633766393634656334633133336261333132353338333331616636356462653862613066
62636461646363626466343834336233346464343931366666333138656335633363343965306234
35636563313834343033623366366534343135366239343962326535656132656333313037633638
36623035646566313939626237653061323738316238643636303431393866613664636136626539
30323366616637313634633162373765633665633061373133626664333136623732316266323661
63633063366366666633616139346263656563333462643934303364373036393161393261666237
64346164613666353435663134393863363264316465376564613338656631623366386661393934
34353863656161346236363862363961633038393234323466353233633131636332633466373263
39373537306465336133343962343333343562353331653963643639656131633331313864343263
61326565636131303533646336633364366139376438613234373734643933643066633831323763
64376631376561373035666261643064363035313862663938356536393261333632363136356637
30666531353362366238623565663730663736343633376439346666326263366365643462613361
38616238373033383364666339333137626364323464353033653061316266376264373366616132
65643236626562656365336331313737386139306533396636326563306239336265306434343639
32656661333436376662366366636636656163393938326532643533303638323061333235353362
39633533656134633132636532326365306533623765353438613030316338646437373062656239
33356131396231326632646231353537363166643665336236626661386331356462613331383966
33313362383735663964646234343833336565336134363366613239316365613131333034303762
62366639383466393836383136353066313336626561333966303933386666346631316664656338
64353435373961623935383333623335666137366534393735663139333863303966613536373439
64343265356161666430393765613137666463646132376563653564376531343664383166353265
30666439383665313634626336343935326334383166383063323430336339653136366437366537
62313035303439373836316637346566333339323961656138396330303432663066343032643937
36333838663030643064326239363232613065303637653032386633353633366561356639333833
32663235623236616566323662316262323839376561653266626565636637393164663839323631
64383764373764656433393164316435323562303830303031303439333233383831646438356561
36616261633338316462316437376630653838373438306537663133373265383231653036663631
32386264666661313839646362383235656335353830343465613530623061656137643433356462
35356265336638333362383230303662333930373361663233376536373737323861663837383361
37346166333263373335353262666636323762653266356139336664313734366166333763393761
63373337383934383936633237333431663031353937323561656537663835633161663437393765
33343634656536336339303037626539613231663731383133356364353466343839323865336537
38346463613237336135336138303735306561333933353564343932383639313734373233663230
61363136326161633434626663643733643234623237616164326435643364643539333934653962
30376633393766396633353561346364643162356439363031396363636632643735653635313938
32316437366134653034346439313265393837353363383436613564353834666432656134383835
66373363636632663236653435366630613965613664383865363239626333616135666663313833
64306138306265323638393934643137323533613162346664323232663439346165623136363463
63656163356536643034353661666135383961353864663837666336666439613661626339643564
33623838323365616636656339663932383431626335653966383139613237356163396266666538
63643036313937613739343561353162333333303530613339613134396538333730663266633061
64633631303932343261333637633931366631646337366666636435313730363332366433373733
34363365333039623936666361663464306437333465396661316135353833613639353966306362
66313464373434383861316431353766333263336435376666333466333065623137666331646262
32383933323432396538656230303263633135353839323366333732343435623064383338626162
39663966316565386635396630626563343836643930333630353935633532383931356136363337
39306337356138373436343664326263626139326636616333376166623931653236663136323132
35616465333538663130333733663265386635303361383763636536393265323965643130333131
61373134643233633635366435373136666462393232343035313134373435663661653533636133
30653766653866616362663832336139323439356433353938623032353862393164313731396138
32643462343235333764616430666430633738373265336665353164656336306535363465653561
30336465353435353962316232326132623133396635383139343366363761366133333332373964
33363032366436326631363264636234653262396335356238323838313335303465666463346332
32303739393831666238383037326633653737613264376237336266376535323466353934643639
35646237353232383132386432363632393765653565666232356266353030386165333433353034
31383631373964666232643936666630366431306438633532376565356564383763323239346165
35666236623339663034396332613435363238326333333437353038616436323539346265383234
36363233346635376131656664633433366363656336366466613430643131356430323439656536
31383764353933653134653836326636666230616636316465633336326463656434643732316230
39393831343762616232303863393238333735346333646137326630376366306561393038343035
66383961626131656432623065363163316132663463303936373139336164383439333034643032
36643662343063303938373835303637333433373366393039376662663465616262663461646564
30633366346662323832373433626530653035613934373263366563313634306632653636323263
33396531636230323235646662376463393531353836396534363837636532643636363634303035
64626531306332616535376664663438626636623037636561663837393939353034356661626536
34336233373430656636386639366439336439373461613132306239346665356338636565303439
32386663356266343739353831666138393433363431663437633039346535326337646465386166
66356534306233663933626132313165356636336366343162343066333062633434633061363161
61656235633235636163363937306333353636343939343637663662633633633430633138313734
61646132386539376333346230643061646234323661393033363833363564666663363137356266
30373565393464303338313330623461376539306530333739336239623637663639643336336331
32363532386231313036636235396237373361663466653938323565336233613136643736616638
38643665356538343431633862363830653165633836653933366332313066383231313333646365
63386331303066373331353362616130653839613438353538306430323539623339613539383131
36366464386439626262633131343233633032633239363066316633386539663064373031326564
37656636333839393135663937356236313661653931313235643436386262396530636239663861
33313564623339343630306538373439363239643063363361306633303939616566623664386365
66633730393034666532616636396634366430363234303561356437613133633335623133666131
38663664343363656538373863313362633166626565393263393037343031353564356134313936
62663664346131653533363831346266343562343536393236623165333131386132316431643836
65623466633035343965326439623333343864666330366631613138623435303236393135643838
61626136326638386265623537346239353333393262626366323735353832353234613566656633
64396633303333353234303364333534353238336663663261613632616333313733393066633164
37626436663636373436
